INDEX 1166163611

Λῐσχίνης ο. Τ13111ο5. 331 31 3
(wo-115) 241
3116 313
3. ctesiph. 3111 19 3
11. spurium 33
Ἀλέξανδρος ὁ τοῦ Νουμηνίου 113,
713, 1234, 1, 14 3, 2211, 23 3,
13, 2413, 25 313333 28 3,
2913, 323, 403, 44313
Anonymi 31313113 11. 163
Ἀπολλόδωρος 12 3
Ἀπολλοδώρειοι 613, 221, 2313
Ἀριστοτέλης 32 3
(nnat. 14161133) 20 4
3131133333. 11. (134 Ros.) 4114
Ἀριστοφάνης11.133311311331585,
nen. 5422 211
Ἁρποκρατίων 31, 2611, 3013, 48 33
Δημάδης 11.2 31 4
Δημήτριος ὁ Φαληρεύς
Δημοσθένης
311133
(33 331. 1311.)

24 3
41 3
15 13
49 14
26 13
38 1
18 3
15 13

318
(1110)
3139
3143
3294 28 1
(33 13133 leg.) 484
34 313, 31 3
3 10 21 3
3 192 163
3136 2013
3. Min. 31 214

(38 13-18)
3 13

21 13
21 13

ο. Min. 351
3 11
3 12
(33 11-126)
3 161
ο. Andron. 31
c. Aristoen. 36
ο. Τ113331. 36

113331.11131. 3 1
3. Con. 31

Διονύσιος ὁ Ἁλικαρνασσεύς de
Lyn. cp. IX

4813
1813
21 13
243
1313

36 33

1013, 31 13
13 13

2 13

2 1ο

5033

32 11
1411
46 1
11 13

11 13, 30 1

Εὔδημος ὃ ἄκαδημαϊκός
Εὐριπίδης 11 prologis
(Η33. 585)
(Ρ11333. 101)
Ζήνων
Θεόδωρος ὁ Γαδαρεύς 1113, 203, 2513

Θουκυδίδης ΙΙΙ 30
Ἰσοκράτης (11131111. 33) 11 n
Plntnin. 31 2 33
Λυκοῦργος 3. 1111131. 11. 15 211
11. 91 3111
Λυσίας (de enne 11. 153) 41 3
3. Tisid. 11. 231 213
Μένανδρος (1131113133) 833
(Epitrepontes) 8 13
Νεοκλῆς 11 13, 2211, 2313, 28 3, 11,
333333333
mmmm
Ὄμηρος (Α 26054111) 43
Ε 638 1511
Ψ 281 1511
ι 334 1111
μ 92 13 3
4*

811

 

